01119
01182
02161
02646
04100
08007
08009
12014
12218
14028
14058
14115
14129
14154
14170
14253
14265
14292
14330
14429
14442
14443
14503
14532
14549
14599
14634
14670
14686
14718
22080
22292
24118
25076
25302
25480
25585
27223
27308
27519
27573
28297
28402
38262
39226
39260
39544
42114
44060
45190
45192
46071
46291
48022
49005
49043
49111
49116
49154
49251
49279
49346
50051
50114
50170
50179
50191
50250
50380
50381
50396
50440
50458
50586
50625
50630
50638
50646
51064
52036
52293
56192
58100
60417
61016
61112
61136
61223
61239
61247
61296
61368
61430
61455
61511
63266
65188
67297
67374
68233
68314
69221
69247
71138
71375
72069
73038
73115
76145
76337
76696
81153
88018
89097
89103
89330
89454
ZC301
ZC352
ZP011SN02
ZP016SN02
ZP017SN01
ZP024SN01
ZP024SN04
ZP026SN03
ZP026SN04
ZP027SN02
ZP031SN01
ZP031SN03
ZP032SN01
ZP032SN02
ZP040SN04
ZP043SN01
ZP043SN02
ZP043SN03
ZP045SN01
ZP045SN02
ZP045SN05
ZP045SN06
ZP045SN07
ZP045SN08
ZP054SN04
ZP055