01119
01176
01182
01271
01292
01300
01312
01340
01409
02026
02147
02161
02325
02348
02479
02597
02646
02669
02771
02811
03123
03153
04100
05005
05034
05069
05143
08007
08009
08114
08261
08267
08441
10277
10415
11050
11171
12005
12014
12040
12081
12087
12112
12114
12117
12123
12126
12173
12196
12218
12245
12271
12279
12285
12304
14028
14029
14052
14058
14065
14105
14113
14115
14129
14139
14144
14148
14152
14153
14154
14155
14156
14178
14187
14188
14210
14213
14222
14255
14259
14264
14265
14292
14324
14330
14356
14361
14388
14395
14414
14418
14420
14429
14432
14440
14441
14442
14443
14459
14471
14503
14518
14521
14523
14532
14539
14545
14549
14553
14564
14573
14583
14585
14615
14618
14628
14632
14633
14634
14636
14638
14647
14653
14655
14670
14686
14693
14696
14704
14717
14718
14727
14746
15068
15071
15150
15195
15197
16021
16043
16092
16172
16179
16201
16257
16262
16322
16371
17040
17238
17371
19282
21318
22051
22058
22080
22102
22297
22303
22367
23161
24118
24219
24239
24298
24310
24343
24363
24430
24435
24439
24497
25028
25076
25128
25302
25480
25509
25530
25585
26187
26366
27007
27024
27060
27084
27088
27121
27122
27128
27145
27159
27160
27166
27172
27195
27197
27211
27221
27225
27244
27250
27255
27257
27262
27264
27283
27292
27293
27296
27303
27305
27308
27356
27362
27387
27449
27484
27499
27503
27506
27513
27515
27519
27526
27532
27566
27573
27574
27596
27628
27634
27636
27637
27639
27653
27687
27688
28020
28069
28145
28179
28258
28288
28297
28320
28402
28416
29127
32168
33371
35158
36151
36183
36201
36245
38024
38028
38145
39161
39213
39215
39226
39260
39294
39332
39340
39371
39382
39438
39442
39482
39488
39509
39544
41023
41056
41133
41169
41183
41244
41264
41270
42114
43081
43255
44034
44060
45057
45106
45190
45192
45211
45221
45236
46019
46025
46048
46071
46110
46141
46150
46166
46261
46275
46287
46291
46325
46326
48022
48033
48062
48066
48134
48162
48172
48186
49005
49024
49025
49031
49033
49034
49039
49043
49059
49066
49074
49079
49084
49085
49093
49095
49097
49111
49116
49128
49133
49139
49142
49143
49147
49148
49154
49157
49181
49185
49225
49230
49256
49258
49268
49270
49279
49280
49297
49300
49312
49315
49320
49322
49342
49346
49348
49356
50005
50009
50010
50012
50035
50056
50061
50063
50071
50075
50114
50116
50123
50127
50128
50132
50133
50134
50136
50153
50170
50179
50180
50189
50191
50202
50204
50211
50212
50213
50245
50249
50250
50254
50255
50280
50284
50287
50293
50316
50319
50329
50330
50339
50343
50355
50375
50380
50381
50396
50406
50414
50415
50418
50432
50434
50440
50441
50458
50470
50494
50497
50508
50520
50544
50545
50557
50558
50586
50595
50614
50625
50630
50635
50638
50642
50646
51064
51331
52036
52180
52239
52293
52296
52340
52427
52509
53050
53194
53252
56142
56150
56187
56192
57184
58100
58167
59404
60018
60246
60417
61003
61016
61025
61027
61031
61033
61042
61045
61047
61058
61059
61065
61073
61090
61106
61109
61112
61115
61125
61127
61128
61136
61144
61147
61155
61174
61175
61177
61179
61184
61185
61186
61191
61200
61201
61204
61205
61220
61223
61226
61235
61236
61245
61246
61247
61249
61250
61253
61270
61280
61282
61296
61305
61306
61313
61320
61335
61337
61338
61340
61343
61353
61354
61355
61356
61359
61364
61368
61377
61378
61380
61409
61410
61417
61428
61430
61431
61434
61441
61455
61458
61465
61469
61470
61478
61489
61506
61509
61511
61513
62226
63018
65027
65188
67041
67158
67207
67297
67374
67431
67469
68031
68108
68133
68164
68206
68233
68272
68314
68319
69158
69247
70281
70551
71138
71265
71375
72069
72162
72207
72258
72288
72301
72318
73038
73062
73093
73108
73115
73126
73158
73169
73238
73239
73264
73305
73321
74084
74187
74270
76027
76031
76037
76073
76089
76098
76137
76145
76215
76267
76277
76301
76310
76326
76337
76376
76444
76496
76625
76643
76696
76701
76704
76713
76742
77170
77299
79053
79072
79099
79113
79187
79333
81091
81153
81155
85030
85063
85091
85219
85272
86259
87026
88018
88112
88204
88337
89070
89097
89103
89107
89138
89178
89192
89213
89241
89243
89275
89294
89317
89330
89343
89356
89358
89366
89429
89454
89457
ZB208
ZB211
ZC301
ZC314
ZC352
ZC358
ZP013SN01
ZP013SN03
ZP016SN03
ZP017SN02
ZP018
ZP020SN01
ZP020SN03
ZP021SN01
ZP021SN02
ZP023SN01
ZP023SN02
ZP024SN01
ZP024SN02
ZP024SN06
ZP024SN07
ZP024SN08
ZP026SN01
ZP029SN06
ZP031SN02
ZP032SN02
ZP032SN03
ZP037
ZP039SN01
ZP039SN02
ZP039SN03
ZP040SN01
ZP040SN02
ZP040SN04
ZP041
ZP042SN01
ZP042SN02
ZP043SN01
ZP044SN01
ZP044SN02
ZP044SN03
ZP045SN02
ZP046
ZP049SN01
ZP049SN02
ZP050SN01
ZP050SN02
ZP050SN03
ZP051
ZP053SN01
ZP053SN02
ZP053SN03
ZP054SN01
ZP054SN04
ZP056
ZP057SN02
ZS501