01039
01330
02077
02311
02695
08294
08300
09255
09287
14300
16140
16147
16226
16238
16351
17334
18131
19092
19223
19230
22027
22043
22200
22309
23023
24089
24314
25134
25282
25297
25303
25347
25398
25533
25549
25620
25628
26219
26371
28025
28276
30094
32067
32260
32413
33409
34093
35112
39474
42072
42109
42252
46217
49321
50015
51063
51205
51637
53239
53274
56049
59070
61017
61188
61192
61310
62461
62743
63330
64541
70264
70530
70557
71131
72298
76358
79060
79180
79205
79212
80830
85037
85041
85053
85233
85271
85307
86231
88393
95282
ZB208
ZB211
ZC301
ZC314
ZC352
ZC358
ZN801
ZN806
ZN816
ZN828
ZP711SN01
ZP711SN02
ZP717SN01
ZP717SN02
ZP718
ZP721SN01
ZP721SN02
ZP730SN01
ZP730SN02
ZP732SN01
ZP732SN02
ZP732SN03
ZP737
ZP739SN01
ZP739SN02
ZP739SN03
ZP741
ZP742SN01
ZP742SN02
ZP743SN01
ZP743SN02
ZP743SN03
ZP746
ZP751
ZP755
ZP756