01119
01182
01316
01414
02161
02646
03318
04100
04198
05043
05120
05141
08007
08009
08443
12014
14013
14028
14058
14075
14115
14129
14154
14170
14185
14208
14253
14265
14292
14307
14330
14386
14429
14442
14443
14450
14503
14513
14532
14548
14549
14599
14634
14662
14670
14686
14718
15044
15145
16033
16226
16274
16314
17272
17334
19230
21658
22080
22292
22309
23231
24041
24047
24093
24118
24344
24427
24475
24579
25027
25076
25123
25250
25302
25347
25480
25531
25549
25585
26184
26371
27223
27274
27308
27519
27573
27651
28025
28044
28066
28276
28297
28402
35083
35344
35348
36206
38016
38262
38435
39036
39089
39113
39115
39195
39226
39243
39260
39264
39309
39341
39544
39562
41011
41170
41202
42004
42109
42114
42291
44060
44191
44219
45190
45192
46071
46291
46300
48014
48022
48060
48076
48084
48120
48133
48189
48197
49005
49043
49078
49104
49111
49116
49154
49251
49279
49282
49319
49327
49346
50018
50051
50057
50103
50114
50119
50140
50170
50179
50191
50250
50325
50358
50380
50381
50396
50440
50458
50503
50581
50586
50605
50625
50630
50638
50640
50646
51064
52036
52225
52262
52293
53092
53207
56059
56138
56192
57585
57722
58100
60417
61016
61017
61083
61112
61136
61157
61172
61223
61239
61247
61285
61296
61310
61311
61325
61368
61430
61455
61504
61511
63078
63266
63330
64020
65188
65480
67297
67374
68233
68314
69101
69159
69221
69237
69247
71138
71180
71288
71375
72069
73038
73056
73115
73143
73144
73163
73198
73287
76080
76145
76191
76337
76696
79027
79054
79068
79211
79240
79260
79328
79330
80175
80551
81113
81153
81226
85233
85271
85299
85307
86021
86030
86166
86278
87184
88018
88234
89097
89103
89330
89454
89473
ZC301
ZC352
ZP011SN02
ZP016SN02
ZP017SN01
ZP024SN01
ZP024SN04
ZP026SN03
ZP026SN04
ZP027SN02
ZP031SN01
ZP031SN03
ZP032SN01
ZP032SN02
ZP040SN04
ZP043SN01
ZP043SN02
ZP043SN03
ZP045SN01
ZP045SN02
ZP045SN05
ZP045SN06
ZP045SN07
ZP045SN08
ZP054SN04
ZP055