01039
01059
01097
01119
01122
01144
01154
01172
01176
01182
01186
01218
01221
01271
01292
01300
01312
01316
01330
01340
01341
01409
01413
01414
01417
01442
02026
02077
02147
02161
02301
02311
02325
02344
02348
02434
02475
02479
02597
02646
02669
02695
02733
02771
02811
03123
03153
03318
04100
04198
05005
05034
05043
05069
05088
05120
05141
05143
05150
05175
07016
07135
07252
07256
08007
08009
08042
08072
08079
08114
08152
08261
08267
08294
08300
08371
08441
08443
08475
08493
09028
09135
09255
09286
09287
09302
09317
10277
10415
11050
11097
11171
11298
11329
12005
12014
12020
12040
12076
12081
12087
12112
12114
12117
12123
12126
12173
12196
12245
12271
12279
12285
12304
14002
14004
14008
14013
14028
14029
14031
14052
14056
14058
14065
14073
14074
14075
14081
14099
14105
14109
14113
14115
14128
14129
14139
14142
14144
14148
14151
14152
14153
14154
14155
14156
14158
14176
14178
14185
14186
14187
14188
14189
14192
14201
14210
14212
14213
14217
14219
14222
14235
14255
14259
14264
14265
14268
14279
14292
14294
14296
14300
14307
14313
14324
14330
14331
14339
14350
14356
14359
14361
14372
14373
14376
14382
14386
14387
14388
14395
14413
14414
14415
14416
14417
14418
14420
14423
14429
14432
14433
14440
14441
14442
14443
14444
14450
14459
14462
14471
14477
14481
14489
14493
14503
14505
14508
14513
14517
14518
14521
14523
14525
14532
14539
14544
14545
14548
14549
14551
14553
14564
14568
14573
14577
14580
14583
14585
14596
14597
14600
14604
14608
14611
14615
14616
14618
14628
14632
14633
14634
14636
14638
14647
14653
14655
14662
14670
14671
14686
14688
14690
14691
14693
14695
14696
14702
14703
14704
14717
14718
14722
14727
14729
14746
14749
14750
14757
14763
15031
15035
15044
15047
15068
15071
15099
15136
15145
15150
15171
15195
15197
15227
16004
16010
16017
16021
16033
16043
16051
16092
16094
16115
16129
16140
16147
16149
16156
16172
16179
16201
16202
16214
16226
16228
16238
16247
16257
16259
16262
16274
16294
16296
16309
16314
16322
16328
16332
16351
16371
16376
16386
16391
16410
16411
16417
17040
17103
17169
17189
17238
17272
17334
17352
17371
17392
18123
18131
18222
18239
19032
19092
19127
19183
19185
19218
19223
19230
19282
21073
21213
21318
21486
21507
21513
21621
21658
22027
22038
22043
22051
22058
22078
22080
22100
22102
22154
22167
22192
22200
22253
22290
22297
22298
22303
22309
22357
22367
23023
23121
23126
23161
23231
24033
24041
24044
24047
24065
24079
24089
24092
24093
24099
24103
24118
24127
24166
24170
24178
24181
24198
24203
24204
24219
24233
24235
24239
24249
24270
24283
24298
24310
24314
24333
24343
24344
24363
24368
24369
24389
24391
24402
24427
24430
24431
24433
24435
24439
24447
24475
24497
24503
24530
24561
24579
25027
25028
25076
25123
25128
25134
25137
25140
25250
25282
25297
25302
25303
25319
25347
25398
25399
25480
25509
25530
25531
25533
25549
25576
25585
25587
25593
25610
25620
25628
26184
26187
26219
26297
26354
26366
26371
27007
27024
27058
27060
27084
27088
27092
27093
27121
27122
27128
27131
27143
27145
27159
27160
27166
27172
27175
27195
27197
27211
27221
27225
27244
27250
27253
27255
27257
27262
27264
27268
27270
27274
27283
27292
27293
27296
27297
27303
27305
27308
27344
27356
27362
27387
27402
27416
27449
27452
27484
27491
27499
27503
27506
27510
27513
27515
27519
27523
27526
27532
27551
27566
27573
27574
27581
27596
27600
27607
27626
27628
27634
27636
27637
27639
27642
27647
27648
27651
27653
27657
27687
27688
28002
28017
28020
28025
28044
28063
28066
28069
28083
28093
28101
28112
28115
28133
28145
28150
28165
28179
28204
28205
28224
28241
28250
28258
28262
28276
28288
28295
28297
28311
28318
28320
28340
28356
28376
28402
28412
28416
29127
29129
29219
30094
30157
30190
31298
31307
31438
32067
32074
32168
32260
32413
33092
33107
33338
33371
33409
34093
34330
35011
35048
35053
35083
35100
35113
35147
35158
35254
35269
35293
35301
35303
35323
35344
35348
36072
36151
36183
36201
36206
36245
37102
37120
37135
37209
37227
38014
38016
38024
38025
38028
38121
38125
38145
38274
38293
38302
38306
38312
38367
38435
38534
39023
39036
39064
39069
39075
39089
39113
39115
39123
39135
39148
39158
39161
39186
39195
39213
39215
39224
39226
39243
39260
39264
39287
39294
39303
39332
39340
39341
39347
39371
39382
39395
39414
39417
39438
39440
39442
39474
39482
39483
39484
39488
39506
39509
39542
39544
39548
39549
39562
39564
39566
40009
40048
40107
40302
41005
41011
41015
41023
41033
41056
41064
41082
41092
41133
41165
41169
41170
41183
41197
41202
41210
41240
41244
41257
41263
41264
41270
41272
42004
42072
42082
42109
42114
42252
42291
43081
43176
43255
44017
44034
44060
44191
44219
45057
45106
45190
45192
45211
45221
45236
45267
45287
46014
46019
46025
46048
46067
46071
46077
46099
46110
46141
46150
46158
46166
46217
46248
46261
46274
46275
46278
46285
46287
46291
46298
46300
46325
46326
46327
46331
48014
48022
48023
48033
48040
48047
48057
48060
48062
48066
48076
48078
48084
48093
48101
48120
48122
48125
48133
48134
48142
48154
48162
48164
48172
48180
48183
48184
48186
48189
48195
48197
49001
49005
49013
49014
49024
49025
49031
49033
49034
49037
49039
49043
49044
49047
49051
49052
49059
49062
49066
49073
49074
49077
49078
49079
49081
49084
49085
49087
49088
49091
49093
49095
49096
49097
49098
49104
49105
49111
49115
49116
49122
49128
49133
49136
49139
49141
49142
49143
49147
49148
49150
49154
49156
49157
49158
49159
49173
49175
49181
49184
49185
49186
49187
49189
49197
49198
49202
49207
49208
49225
49226
49227
49230
49234
49250
49254
49256
49258
49268
49270
49274
49279
49280
49282
49297
49300
49305
49309
49312
49315
49317
49319
49320
49321
49322
49327
49335
49342
49346
49348
49354
49356
49365
49366
49376
50001
50005
50007
50009
50010
50012
50014
50015
50018
50020
50035
50037
50043
50056
50057
50061
50063
50071
50073
50075
50080
50089
50100
50103
50107
50114
50116
50119
50123
50125
50127
50128
50131
50132
50133
50134
50136
50140
50153
50154
50160
50163
50170
50171
50179
50180
50187
50189
50191
50202
50204
50206
50211
50212
50213
50220
50223
50242
50244
50245
50248
50249
50250
50254
50255
50257
50280
50284
50287
50293
50301
50308
50313
50316
50318
50319
50320
50323
50325
50329
50330
50333
50337
50339
50343
50348
50354
50355
50358
50375
50380
50381
50385
50386
50396
50404
50406
50414
50415
50418
50427
50432
50434
50438
50440
50441
50449
50458
50460
50465
50470
50477
50494
50497
50503
50508
50520
50524
50534
50544
50545
50557
50558
50573
50581
50583
50586
50595
50600
50605
50608
50614
50622
50623
50625
50627
50630
50631
50635
50636
50638
50640
50642
50646
51063
51064
51205
51261
51271
51331
51411
51637
51651
52036
52180
52225
52239
52262
52293
52296
52340
52351
52427
52509
53004
53006
53032
53050
53065
53095
53138
53159
53194
53205
53207
53231
53239
53241
53244
53252
53254
53274
54341
54506
55030
55164
56016
56038
56049
56059
56064
56138
56142
56150
56183
56187
56192
57184
57432
57523
57585
57722
58022
58100
58167
59070
59404
60018
60038
60080
60096
60246
60300
60417
60453
60455
60475
60532
60649
60690
60694
61003
61004
61009
61016
61017
61019
61025
61027
61031
61033
61042
61045
61047
61057
61058
61059
61065
61073
61083
61090
61106
61109
61110
61112
61115
61125
61127
61128
61131
61136
61144
61147
61154
61155
61157
61161
61172
61173
61174
61175
61177
61179
61184
61185
61186
61188
61191
61192
61200
61201
61204
61205
61220
61223
61226
61231
61235
61236
61245
61246
61247
61249
61250
61253
61270
61280
61282
61285
61296
61299
61305
61306
61310
61311
61313
61315
61318
61320
61325
61335
61337
61338
61340
61343
61353
61354
61355
61356
61359
61364
61368
61377
61378
61380
61383
61403
61409
61410
61417
61428
61430
61431
61434
61437
61441
61449
61455
61458
61465
61468
61469
61470
61471
61477
61478
61489
61496
61504
61506
61509
61511
61513
62210
62226
62294
62431
62461
62743
63018
63078
63127
63330
64541
65027
65122
65188
65312
65480
67014
67041
67158
67207
67297
67374
67402
67431
67439
67469
67560
68031
68108
68133
68164
68206
68233
68272
68314
68319
69015
69073
69101
69146
69147
69150
69158
69159
69185
69210
69213
69222
69223
69224
69237
69247
69251
70264
70281
70345
70375
70475
70497
70530
70551
70557
71055
71131
71138
71180
71265
71288
71304
71375
71492
71587
72033
72063
72069
72081
72082
72097
72108
72116
72117
72159
72162
72203
72207
72240
72258
72284
72288
72298
72301
72304
72318
72384
73038
73045
73046
73056
73062
73080
73093
73108
73111
73112
73115
73118
73126
73127
73143
73144
73158
73163
73167
73169
73198
73203
73238
73239
73244
73260
73264
73266
73287
73305
73321
74022
74084
74110
74187
74204
74270
74274
76027
76031
76037
76044
76073
76078
76080
76089
76098
76127
76137
76145
76191
76215
76248
76267
76277
76301
76310
76326
76337
76358
76376
76444
76496
76525
76607
76625
76639
76643
76674
76696
76701
76704
76713
76729
76742
77028
77149
77170
77299
77399
78503
79004
79006
79011
79027
79033
79035
79039
79044
79045
79051
79053
79054
79060
79068
79072
79075
79098
79099
79107
79113
79168
79173
79178
79180
79187
79188
79199
79205
79211
79212
79214
79219
79222
79240
79247
79260
79261
79279
79282
79314
79318
79321
79325
79328
79330
79333
80175
80209
80389
80419
80447
80532
80594
80608
80761
80830
81091
81153
81155
81226
81241
81260
81296
81301
85030
85037
85041
85044
85053
85063
85091
85168
85219
85233
85271
85272
85299
85307
86021
86030
86043
86056
86067
86071
86166
86208
86231
86259
86277
86278
87026
87055
87136
87173
87184
87196
88018
88112
88204
88234
88235
88337
88392
88393
89001
89070
89078
89097
89103
89107
89109
89138
89174
89178
89192
89213
89241
89243
89260
89275
89294
89317
89330
89340
89343
89356
89358
89366
89381
89421
89429
89448
89454
89457
89484
90073
91222
95259
95282
ZB208
ZB211
ZC301
ZC314
ZC352
ZC358
ZP013SN01
ZP013SN03
ZP016SN03
ZP017SN02
ZP018
ZP020SN01
ZP020SN03
ZP021SN01
ZP021SN02
ZP023SN01
ZP023SN02
ZP024SN01
ZP024SN02
ZP024SN06
ZP024SN07
ZP024SN08
ZP026SN01
ZP029SN06
ZP031SN02
ZP032SN02
ZP032SN03
ZP037
ZP039SN01
ZP039SN02
ZP039SN03
ZP040SN01
ZP040SN02
ZP040SN04
ZP041
ZP042SN01
ZP042SN02
ZP043SN01
ZP044SN01
ZP044SN02
ZP044SN03
ZP045SN02
ZP046
ZP049SN01
ZP049SN02
ZP050SN01
ZP050SN02
ZP050SN03
ZP051
ZP053SN01
ZP053SN02
ZP053SN03
ZP054SN01
ZP054SN04
ZP056
ZP057SN02
ZS501